Loss
0.11554768630621597
0.06742496562901862
0.11000765081471908
0.06617203304509384
0.06362455858565542
0.07453672813471429
0.09703982417523768
0.09295701446092647
0.055474723833873404
0.06467089172950165
0.06701479838027255
0.070868893049264
0.053670635504752214
0.04514022833112373
0.045484750039921786
0.07585991311945622
0.07649931246819704
0.06103627524708878
0.07073054813218783
0.059478642530334386
0.2001
0.1441
0.1624
0.1014
0.1188
0.1542
0.1078
0.0872
0.0914
0.0997
0.0881
0.0820
0.0936
0.0975
0.0967
0.0937
0.0838
0.1051
0.0785
0.0832
0.1038
0.1183
0.0818
0.1013
0.0943
0.1047
0.0625
0.0992
0.0735
0.0857
