Accuracy
0.7639751552795031
0.906832298136646
0.8198757763975155
0.9254658385093167
0.9130434782608695
0.8944099378881988
0.84472049689441
0.8074534161490683
0.9006211180124224
0.9006211180124224
0.8633540372670807
0.8633540372670807
0.9192546583850931
0.937888198757764
0.9254658385093167
0.8757763975155279
0.8695652173913043
0.8944099378881988
0.8881987577639752
0.937888198757764
0.6355
0.7757
0.7103
0.8505
0.8037
0.7523
0.7991
0.8598
0.8692
0.8364
0.8692
0.8598
0.8832
0.8458
0.8692
0.8458
0.8879
0.8458
0.8785
0.8738
0.8318
0.8178
0.8972
0.8832
0.8785
0.8364
0.9112
0.8411
0.8879
0.8692
