Loss
0.26413172692339
0.24596206057015982
0.21735431219094267
0.20069778076956205
0.19835047432543518
0.19323956209156556
0.1812170774580162
0.18401542347725305
0.15464417737360311
0.1547016460692214
0.14688792984897844
0.13391248540622053
0.1389913114014073
0.13883187757613502
0.14641571267742978
0.1441722106989299
0.13881808289579142
0.1457942750687911
0.15065629146645002
0.1578675377939906
0.14216390252113342
0.14104021841956077
0.13956426160636348
0.151588776610165
0.1353274539252308
0.14114517551437716
0.1520346803155458
0.14963672978577214
0.16118603533952036
0.13779922658316443
