Accuracy
0.5
0.5794392523364486
0.6542056074766355
0.6915887850467289
0.6261682242990654
0.6822429906542056
0.6962616822429907
0.7149532710280374
0.7710280373831776
0.7757009345794392
0.7850467289719626
0.7990654205607477
0.7850467289719626
0.8177570093457944
0.7476635514018691
0.794392523364486
0.7990654205607477
0.8084112149532711
0.780373831775701
0.7616822429906542
0.780373831775701
0.7757009345794392
0.7990654205607477
0.7757009345794392
0.7897196261682243
0.780373831775701
0.7663551401869159
0.7570093457943925
0.780373831775701
0.7663551401869159
